10000
684
784
272
505
346
495
547
473
952
215
493
978
543
653
174
731
237
361
457
5
308
764
487
225
481
395
32
8
703
716
227
913
322
483
384
144
754
58
846
307
572
368
445
262
277
23
312
561
36
111
53
283
52
293
363
566
971
860
658
415
875
999
650
308
567
329
147
556
979
881
986
607
273
695
139
641
315
555
56
380
523
878
676
437
141
619
572
841
875
307
42
707
105
382
285
820
315
976
289
165
45
817
375
149
565
444
269
324
6
415
820
141
829
372
266
371
580
506
101
853
724
245
419
180
97
774
139
726
323
66
512
411
372
210
388
625
915
27
799
566
895
968
15
607
639
341
934
991
183
618
723
421
378
430
101
492
42
233
365
555
64
564
934
411
97
899
416
711
34
266
794
963
531
622
55
952
118
304
475
891
659
859
481
227
431
846
518
622
227
920
177
835
887
781
337
496
760
69
109
609
582
912
326
393
926
322
783
570
512
400
960
220
619
218
259
757
484
37
368
378
140
932
134
597
272
781
618
448
305
344
179
502
863
749
319
487
215
33
807
20
98
406
0
924
377
557
41
606
239
706
31
123
541
698
438
628
199
740
934
536
727
79
624
487
440
306
582
780
169
986
94
726
746
223
558
862
956
518
856
86
398
54
379
795
745
997
800
385
78
925
143
419
429
717
287
509
23
216
743
326
966
71
628
872
335
442
844
214
709
535
495
854
503
47
49
665
665
48
77
811
57
340
739
452
304
362
957
194
196
519
11
183
256
611
983
389
424
786
87
430
416
213
187
636
357
288
267
79
297
346
394
338
530
229
353
831
32
909
279
945
284
218
662
3
891
385
614
681
459
148
242
778
608
61
747
24
164
153
71
665
170
390
189
41
582
777
770
664
857
457
396
310
106
607
608
64
153
986
951
308
274
242
227
80
657
503
719
490
702
65
49
987
979
379
101
20
9
265
396
366
216
802
842
988
347
97
598
523
373
732
68
96
972
63
49
27
939
749
358
145
613
979
832
39
277
421
651
227
467
864
955
613
264
500
46
607
992
147
918
500
455
532
492
274
337
34
850
321
973
776
195
539
102
846
700
367
337
379
791
354
993
844
907
364
874
275
190
496
519
781
971
560
426
111
228
720
394
508
811
333
785
148
327
214
834
14
739
271
226
270
86
109
418
786
359
333
538
80
859
305
441
808
964
579
830
658
641
832
340
884
735
430
340
497
218
497
457
791
476
579
810
996
517
938
330
820
943
591
435
466
378
455
738
4
312
160
953
556
177
213
331
850
188
571
826
831
872
583
182
788
263
301
806
811
768
190
764
297
52
509
100
300
312
307
809
41
445
411
726
153
921
13
132
449
746
333
769
229
556
316
180
942
66
657
784
336
407
437
440
254
22
569
803
378
714
938
194
98
408
100
252
929
232
770
880
94
633
436
802
381
303
538
868
649
655
979
427
568
291
258
455
650
939
129
550
535
667
381
775
43
23
790
113
743
678
836
865
113
558
834
331
97
644
791
729
534
389
872
839
939
978
305
612
690
322
612
870
231
148
987
236
930
308
408
838
650
226
625
931
18
200
196
378
842
770
8
280
589
821
174
366
1
476
219
727
438
11
405
800
561
264
42
943
408
249
793
884
177
511
898
164
928
229
251
738
917
113
477
369
475
446
470
121
52
66
821
100
706
160
741
665
770
647
189
95
293
400
579
741
897
194
249
738
895
560
559
25
644
581
470
518
648
293
373
519
721
49
652
261
741
583
726
833
474
723
290
561
116
836
102
591
118
186
639
871
397
69
685
522
725
167
364
803
499
838
232
583
106
667
710
73
757
392
153
130
73
208
551
568
693
440
882
381
278
731
643
514
172
580
183
338
200
901
355
925
107
23
208
43
990
385
431
256
669
237
646
865
782
493
915
433
804
484
588
687
798
806
164
308
745
855
490
264
263
357
31
904
456
639
668
908
847
776
975
572
866
807
938
824
209
935
784
940
419
573
43
148
749
331
701
130
50
554
869
823
561
634
153
795
284
401
116
374
775
301
839
600
286
744
144
182
198
17
349
711
26
859
821
579
574
629
253
929
227
166
676
589
31
482
267
102
764
906
572
331
765
155
864
664
707
199
734
242
599
645
660
905
106
234
263
192
709
298
324
964
498
848
453
787
977
261
922
639
671
566
990
977
154
789
905
197
279
673
576
833
126
915
7
704
331
32
846
331
884
477
79
129
771
203
881
840
993
176
314
769
701
94
385
801
893
63
149
259
280
700
702
282
855
792
961
306
988
629
617
868
84
926
61
960
884
145
742
623
501
504
388
708
32
14
571
976
155
542
88
831
347
223
699
676
569
162
616
728
246
914
355
750
17
99
681
212
899
773
458
271
417
911
341
478
311
757
664
953
184
478
154
702
151
532
167
689
645
133
611
559
108
101
280
938
606
501
743
596
433
792
744
606
886
630
259
788
141
533
455
412
35
34
2
898
224
146
383
527
674
575
790
495
701
951
329
815
32
322
363
172
821
380
51
142
465
770
758
842
805
249
8
65
774
418
724
501
612
932
641
716
37
497
122
927
749
607
713
418
220
827
684
101
253
153
800
743
55
80
900
349
123
843
74
842
434
365
877
839
810
834
880
298
146
733
581
871
644
878
655
139
829
788
774
405
349
218
62
798
349
596
555
64
453
129
43
964
24
723
117
994
147
676
288
86
624
16
239
377
878
927
433
847
150
97
979
190
631
437
835
399
383
681
422
23
431
729
401
252
332
208
799
311
378
151
334
389
860
528
401
248
269
498
178
192
975
410
249
524
711
662
193
873
720
134
106
128
459
894
738
763
744
711
478
567
160
165
115
665
268
758
612
667
950
742
824
12
701
272
294
439
796
570
307
827
757
575
35
801
235
246
455
546
720
97
767
32
70
47
596
113
294
90
375
439
20
383
427
588
788
365
99
259
793
628
206
714
21
637
705
735
598
61
269
373
524
558
828
329
269
10
292
960
844
227
56
287
661
288
919
157
31
972
206
195
993
798
642
704
316
314
163
891
421
105
518
658
165
363
497
408
906
145
711
277
736
927
862
85
684
904
412
524
329
967
292
341
278
786
333
86
868
425
124
904
906
684
858
674
795
260
99
356
852
233
615
81
228
479
504
660
400
700
236
643
906
705
951
324
792
270
298
228
391
763
612
143
242
953
797
367
700
925
75
880
934
536
395
898
603
196
807
787
889
344
902
991
694
610
535
708
393
510
575
589
287
558
293
782
723
905
304
680
551
506
758
672
152
786
554
412
345
498
546
815
801
48
746
873
624
93
886
138
530
597
696
510
920
200
258
453
271
251
381
28
789
286
964
197
997
280
731
78
458
264
872
746
660
367
676
691
945
773
373
49
822
295
400
417
950
996
653
84
345
728
906
572
342
613
558
417
809
551
924
327
353
924
641
700
648
122
799
73
449
240
9
976
667
843
590
813
199
493
745
361
182
808
790
182
317
952
693
239
766
203
285
855
775
833
958
392
732
751
218
818
39
224
209
627
537
180
558
210
323
910
202
674
885
748
184
738
857
440
580
514
696
422
798
439
294
442
860
241
545
893
863
783
237
701
755
683
878
590
163
687
692
21
726
758
694
151
241
79
150
573
338
666
332
821
109
852
3
374
783
267
803
568
306
362
45
479
511
13
254
88
117
114
482
350
213
488
721
104
713
333
937
606
626
352
534
199
733
525
23
367
783
897
470
934
491
877
929
575
627
191
965
728
493
264
329
577
914
632
384
301
764
935
502
368
981
9
511
122
398
709
609
574
587
40
196
585
508
83
792
67
506
506
616
368
106
282
219
960
152
385
150
625
947
217
7
247
538
833
245
46
13
331
43
243
691
624
460
732
204
135
859
716
909
423
738
919
71
68
438
801
949
147
870
546
326
61
634
40
309
150
738
403
27
867
158
163
602
483
278
62
868
396
292
685
850
99
410
105
774
351
618
304
698
309
984
192
431
37
137
229
754
993
425
400
368
854
872
64
696
784
907
733
44
721
448
277
479
336
871
32
732
927
605
487
635
682
896
259
352
493
88
892
985
229
768
383
963
860
370
646
79
301
301
233
691
277
327
618
701
404
817
211
827
858
333
244
625
650
55
905
930
306
392
893
920
937
4
835
858
412
604
515
330
445
529
610
333
358
194
413
427
371
617
0
130
247
632
101
302
518
503
752
435
335
502
851
311
533
913
949
769
162
435
287
63
342
201
630
77
170
767
363
502
331
959
262
45
741
591
624
707
173
386
89
386
104
59
134
793
354
19
544
683
502
922
364
468
780
905
644
179
129
362
68
496
456
86
127
651
8
494
115
944
474
650
976
389
943
949
29
88
765
159
414
970
546
753
318
706
871
459
131
660
360
850
929
204
899
415
532
366
28
466
365
127
812
117
285
326
762
215
209
22
830
266
809
904
510
36
401
279
865
649
621
507
8
198
425
853
411
980
380
831
259
438
632
771
755
702
561
539
298
985
653
102
442
442
14
579
237
491
157
180
292
713
568
975
636
370
555
428
578
789
187
594
845
245
689
762
536
334
882
518
192
47
37
652
134
13
303
163
745
651
874
241
911
460
970
914
574
604
669
514
905
839
805
769
290
489
194
880
644
930
194
699
297
675
727
835
315
346
649
446
458
766
27
3
95
961
106
864
17
420
769
880
345
56
500
800
322
267
208
514
366
827
212
774
771
110
514
392
14
701
682
162
92
431
17
101
844
276
642
72
2
569
120
255
988
294
892
449
218
607
912
121
20
728
130
41
762
870
657
142
622
109
205
763
498
191
198
859
826
285
603
63
728
869
551
806
105
40
893
794
685
950
295
447
866
927
714
908
727
195
662
603
789
7
264
904
784
387
15
783
820
534
48
616
774
438
425
408
409
648
338
395
601
283
909
190
312
452
49
580
726
773
321
502
913
177
453
189
530
304
949
3
882
137
698
79
622
651
805
693
663
111
496
261
485
278
488
440
415
243
796
322
402
750
868
850
709
753
166
415
385
77
576
102
476
658
290
838
125
495
795
86
534
138
734
796
922
180
786
56
385
775
232
604
648
643
733
498
799
918
438
704
731
666
338
228
639
928
920
178
941
340
656
654
519
814
880
108
247
413
417
383
422
69
857
224
38
73
696
601
561
589
173
28
842
353
711
192
976
893
765
173
573
976
727
468
209
619
933
556
623
683
285
554
214
912
704
659
466
837
518
332
207
656
134
693
862
313
704
417
377
148
518
321
579
607
608
335
315
446
666
831
891
231
858
351
277
670
377
978
64
950
616
781
70
676
49
391
464
360
419
340
101
99
497
473
164
407
663
501
646
791
399
474
220
494
371
39
120
413
584
513
22
650
908
72
170
647
585
13
690
774
475
919
541
611
161
906
302
724
225
922
372
342
932
327
988
172
636
162
439
759
169
194
261
791
635
798
531
125
837
633
771
541
150
6
891
387
694
13
612
21
260
855
210
10
456
808
585
514
813
822
516
783
623
118
757
104
199
720
180
385
222
219
278
621
170
315
447
830
473
830
973
235
618
506
978
406
969
704
392
549
925
820
970
666
126
601
973
35
308
219
378
862
622
2
889
239
809
152
725
820
153
567
288
122
80
751
859
52
461
945
364
771
873
637
120
281
14
437
980
125
391
443
589
747
819
359
35
641
683
643
726
961
908
11
703
619
815
786
117
11
583
508
464
710
780
24
637
865
991
176
190
546
177
467
367
250
510
137
286
208
750
5
550
740
315
610
647
545
198
895
493
578
611
756
307
929
373
921
788
645
136
765
612
179
425
221
194
904
781
979
228
102
878
378
774
656
980
332
369
199
721
850
185
675
962
406
65
903
94
924
658
342
383
177
479
532
425
821
104
104
999
808
777
507
899
977
124
992
677
349
138
145
755
431
132
908
427
84
133
351
375
38
291
247
955
99
449
415
817
686
45
459
290
557
138
75
810
528
954
9
936
483
670
901
693
848
721
830
269
280
988
614
508
778
686
155
63
911
87
969
665
555
875
889
310
515
705
263
7
782
189
315
183
955
763
603
779
195
566
571
829
461
430
649
827
998
834
218
580
949
541
481
482
56
676
5
155
42
333
500
803
912
890
294
159
377
836
255
694
720
782
13
13
235
583
360
351
158
944
545
555
10
963
45
244
206
395
117
353
11
262
876
907
694
642
77
793
63
666
818
51
921
406
257
394
317
932
523
237
74
468
632
229
671
805
749
364
594
709
430
454
639
761
669
254
3
883
423
773
719
473
883
498
108
780
271
111
23
630
518
750
582
957
2
826
615
320
446
412
257
938
557
708
211
683
466
620
623
230
850
134
907
97
982
385
359
507
374
210
303
711
813
729
59
892
399
559
894
737
612
164
862
772
501
970
226
7
836
848
690
910
975
527
257
185
454
609
346
521
277
238
376
998
18
126
793
400
49
905
203
918
639
48
672
554
214
178
730
344
183
931
729
889
931
727
848
217
728
639
319
452
744
889
485
874
119
946
240
102
308
386
517
532
170
421
700
29
65
506
0
116
544
818
182
36
125
716
684
761
321
598
25
630
808
370
853
849
731
759
121
197
925
215
878
182
372
741
577
461
184
486
252
821
347
225
105
469
976
37
121
106
523
83
230
924
818
941
963
595
592
946
682
743
224
646
408
459
607
29
295
750
578
626
424
36
225
819
52
638
141
686
591
662
192
856
580
974
452
961
858
815
29
961
864
880
461
961
207
761
199
674
64
644
335
499
461
410
746
476
173
433
365
773
924
725
74
633
688
28
384
995
868
421
551
641
208
111
396
882
128
347
878
961
534
837
115
112
304
689
973
651
845
471
343
209
788
303
674
843
933
711
232
738
808
826
257
484
26
982
453
6
903
279
637
426
381
217
582
375
8
899
166
363
19
965
179
680
111
179
717
359
805
748
147
139
489
134
755
519
406
504
47
105
944
803
472
869
119
238
41
656
343
168
874
411
91
222
523
556
219
227
862
722
178
735
315
146
795
587
58
849
60
832
450
810
185
378
510
396
334
348
56
657
977
381
562
666
469
205
527
60
240
57
978
152
251
710
384
478
939
555
478
681
604
781
677
14
434
370
568
710
539
441
907
365
314
666
466
517
751
583
288
885
255
123
408
965
374
182
468
328
249
685
423
411
541
482
627
621
830
124
562
923
755
752
624
430
813
8
445
547
695
954
808
54
826
790
133
715
764
31
672
950
974
530
283
516
701
543
81
59
172
72
821
655
120
880
409
516
523
380
433
925
148
758
134
383
80
397
681
659
180
905
143
545
129
654
333
402
945
853
545
909
219
524
26
395
906
362
813
252
788
436
923
427
510
837
553
562
473
203
492
207
17
610
322
621
989
948
307
557
326
134
111
754
671
875
476
679
842
518
465
54
943
382
342
334
975
604
918
397
770
900
832
975
663
76
130
848
64
390
495
847
293
162
839
563
268
346
522
125
966
602
33
437
894
116
122
881
298
951
792
396
331
165
314
662
873
339
932
174
390
743
47
70
894
112
117
750
991
487
863
841
505
169
433
624
834
100
104
707
974
408
502
377
2
224
782
909
832
355
202
311
933
145
842
634
999
554
886
749
659
801
805
877
213
202
827
862
993
865
223
642
401
332
707
505
772
49
713
189
39
452
829
44
517
563
11
97
184
575
573
50
116
19
447
714
414
307
933
159
201
989
843
578
187
180
255
846
894
50
689
570
870
45
381
351
64
97
379
337
401
196
39
965
517
281
157
242
146
301
598
176
606
235
870
963
175
942
168
330
860
178
250
772
723
240
626
240
254
133
285
960
238
934
458
739
801
540
991
132
536
825
999
707
953
539
751
282
752
281
651
983
702
138
611
874
649
96
639
69
546
480
605
461
392
916
373
712
289
841
995
982
897
215
37
746
744
603
896
9
694
878
128
112
342
83
893
29
866
474
187
554
457
912
136
978
185
116
373
725
982
783
920
786
926
251
419
977
576
791
644
650
223
710
96
321
96
908
364
527
239
544
22
238
216
734
899
744
974
318
389
882
786
16
489
516
217
390
587
877
989
2
545
351
681
473
541
951
427
914
84
87
214
952
639
184
690
295
913
323
241
777
565
150
228
850
98
414
429
24
998
748
650
357
178
459
594
965
838
885
168
98
768
963
128
820
702
503
849
709
437
481
701
331
413
946
193
650
949
386
538
987
660
10
971
568
650
129
641
438
381
415
993
533
320
42
421
538
743
228
731
360
223
592
89
401
959
993
203
511
102
782
134
730
372
224
938
340
37
622
242
856
888
712
710
329
389
307
554
378
194
543
323
119
907
332
648
16
417
127
851
689
755
376
855
606
511
962
830
375
445
213
317
730
413
789
719
523
407
196
551
816
199
491
922
715
443
105
630
574
194
87
860
439
267
705
559
771
814
489
208
340
852
303
316
595
949
465
202
33
943
684
900
202
886
423
510
190
604
965
65
151
349
575
541
283
276
359
766
267
994
630
588
642
650
330
268
320
371
787
573
610
825
853
976
839
868
551
3
270
965
622
149
302
47
262
368
416
219
552
192
939
45
657
545
737
737
608
51
97
964
760
909
684
997
153
548
75
279
777
746
476
79
15
889
496
340
205
897
999
963
441
397
452
738
661
426
636
508
267
767
129
892
650
961
535
110
923
890
632
30
455
774
683
263
863
238
92
793
73
681
351
708
854
665
663
581
147
17
400
94
236
889
653
695
176
194
665
765
597
566
59
259
478
885
836
805
875
559
466
81
121
154
642
75
545
899
471
730
948
909
732
130
103
193
729
285
601
610
604
826
438
923
148
116
267
341
749
554
789
849
469
555
266
268
801
741
398
477
775
892
95
985
311
818
690
225
560
33
775
569
70
715
790
683
25
406
227
210
142
470
251
397
358
549
904
317
713
973
436
381
502
737
420
89
593
596
271
677
924
654
502
850
79
865
815
377
672
497
455
982
367
730
293
540
398
679
503
441
430
351
859
158
98
155
967
355
875
32
928
490
628
316
962
807
604
870
384
389
971
511
39
207
572
724
312
511
776
154
927
625
116
143
111
468
466
732
789
858
835
755
135
910
6
247
384
119
737
535
791
216
592
612
515
616
194
325
497
227
603
675
748
356
388
692
989
384
974
11
677
702
948
517
334
141
46
918
711
26
290
96
538
812
51
431
258
969
633
507
681
890
135
762
345
607
983
606
852
763
765
898
412
142
979
368
699
918
49
378
356
499
55
216
23
371
954
523
224
699
38
670
982
242
551
889
456
822
425
959
733
351
271
466
430
403
397
821
782
77
304
278
875
585
38
578
747
7
256
584
468
544
116
899
569
341
915
499
352
8
60
202
799
435
813
974
696
417
727
399
685
935
942
434
456
216
510
789
259
554
824
623
682
511
478
40
431
422
866
928
658
597
692
815
958
74
650
945
298
112
481
631
77
641
476
448
826
360
739
697
670
492
88
933
731
50
241
117
646
547
860
127
673
926
341
997
652
264
265
797
851
584
692
256
478
965
821
743
424
856
420
114
902
206
378
643
315
817
823
561
102
870
942
512
784
921
826
234
460
272
41
706
111
581
404
36
850
816
794
17
655
317
215
11
590
879
987
549
818
402
798
298
316
717
856
909
357
218
939
478
835
182
545
897
359
1
688
902
888
775
830
579
417
882
777
286
486
673
591
761
900
56
264
90
250
667
634
5
239
22
196
807
18
248
238
291
497
794
837
877
750
90
667
495
386
229
393
805
247
841
0
246
277
617
122
587
874
983
230
544
540
646
791
662
20
629
160
622
688
895
481
769
455
816
580
20
480
248
887
395
692
129
434
17
782
367
983
859
416
578
103
394
13
636
396
840
22
517
208
385
296
214
672
562
225
7
263
816
200
529
125
507
445
319
330
551
171
46
9
327
314
958
967
353
744
679
507
722
864
793
77
356
125
262
651
657
723
988
407
75
478
597
846
232
592
24
66
85
287
497
109
862
126
136
881
829
10
550
78
970
755
669
771
56
676
938
658
675
497
447
648
449
129
738
731
453
756
706
94
137
516
454
529
229
642
733
358
75
435
997
274
825
375
922
32
774
979
910
904
554
205
398
304
751
889
128
995
49
917
867
574
264
696
362
858
656
519
228
442
906
92
829
715
286
500
68
987
972
281
941
882
262
595
514
128
116
70
526
665
72
992
391
991
242
248
602
272
451
318
603
927
629
37
12
719
507
667
487
215
971
793
140
440
568
594
744
117
215
36
572
447
273
922
685
463
399
689
706
835
678
47
537
255
846
522
787
835
309
376
700
714
709
819
798
987
941
233
55
183
132
847
60
126
512
17
278
48
916
945
348
655
68
655
782
722
47
295
609
322
332
341
250
728
363
41
205
596
118
741
318
794
529
595
572
957
450
100
677
452
711
358
584
962
800
849
352
529
104
642
538
678
156
472
61
930
250
503
783
649
770
22
775
268
130
922
490
21
567
520
584
7
3
402
754
283
770
315
693
30
361
989
114
973
682
76
628
551
446
325
389
646
988
559
143
177
263
853
75
767
638
457
860
763
654
300
580
390
801
205
583
724
625
148
416
743
750
852
820
224
648
987
987
78
678
855
970
485
595
164
498
397
599
103
551
273
790
546
660
484
710
835
142
23
751
526
775
629
882
628
860
550
706
249
735
711
127
103
149
874
84
300
514
438
899
157
668
48
655
469
480
8
874
452
531
701
844
134
220
40
48
956
543
694
71
897
557
699
696
533
493
253
413
904
155
392
250
318
572
468
835
3
554
585
347
467
738
826
256
519
806
810
420
425
407
947
236
668
125
569
46
324
585
260
915
590
149
553
280
573
450
369
611
599
864
470
330
574
640
926
725
936
186
729
229
938
310
303
421
531
194
231
746
808
765
92
199
477
239
34
54
55
810
732
433
703
914
242
526
725
510
453
855
999
834
787
846
602
325
60
913
514
209
338
581
740
422
111
811
439
260
473
382
14
122
684
473
834
768
234
492
59
34
418
20
323
704
19
804
547
484
917
869
440
431
532
303
901
454
981
609
276
693
873
460
567
259
353
744
906
367
991
118
225
21
672
53
665
669
330
385
790
607
692
688
832
13
666
239
878
984
834
402
283
539
55
388
864
733
672
77
663
345
938
928
701
466
77
737
192
125
10
497
663
208
508
500
360
995
290
30
387
788
486
24
356
525
33
855
347
729
355
629
463
955
252
578
980
770
80
454
385
175
453
644
288
804
155
58
723
562
284
598
824
37
916
676
119
202
950
13
418
561
910
183
260
331
11
102
911
400
217
438
844
613
265
221
708
584
245
33
944
405
508
700
330
221
719
562
945
897
646
455
299
842
29
69
174
414
159
848
136
337
96
334
426
764
611
237
397
396
241
277
140
252
497
671
564
77
301
477
483
784
682
331
854
964
748
549
861
630
946
29
110
37
213
335
663
747
31
624
303
527
742
916
20
728
326
978
123
630
12
113
946
1
450
632
196
631
183
314
149
292
501
329
259
350
794
379
38
453
340
768
449
419
456
978
113
792
956
910
481
885
868
31
639
485
862
21
987
430
447
328
379
681
924
845
939
972
714
651
731
178
650
392
411
483
226
370
311
109
457
620
665
809
654
580
68
908
960
535
629
878
407
74
738
919
451
456
665
882
208
759
895
342
603
290
563
638
861
222
392
687
534
248
314
928
950
288
628
797
970
313
560
851
546
775
223
669
628
426
303
979
677
886
393
888
351
419
506
266
612
431
506
253
199
899
132
446
3
325
917
495
467
162
443
740
618
346
187
808
93
359
902
819
144
443
836
953
897
862
701
75
914
51
686
121
476
752
965
135
418
534
400
163
437
71
354
96
156
893
962
773
17
47
864
51
69
470
570
102
603
185
653
385
984
150
110
930
132
948
677
392
531
342
656
768
20
367
139
930
847
712
951
262
644
293
2
64
710
776
650
440
842
64
198
152
264
978
57
710
264
816
552
918
717
873
702
620
921
505
727
583
511
526
758
194
121
838
814
464
225
381
711
707
409
349
10
834
521
446
451
690
428
879
414
909
463
895
443
366
654
372
818
985
733
758
704
311
652
674
868
692
619
296
51
280
348
53
752
364
370
217
948
337
104
263
156
686
770
2
953
817
828
843
129
736
725
738
520
298
602
976
222
807
577
796
267
20
241
489
937
487
197
633
889
793
73
930
965
281
900
931
906
158
382
444
668
743
894
461
479
820
824
440
86
618
552
578
764
809
301
840
589
554
917
109
946
570
269
683
957
66
522
594
874
474
556
787
383
290
482
493
630
486
775
843
150
235
247
760
148
664
550
501
172
799
565
790
151
667
106
476
480
115
416
379
964
580
392
860
678
541
266
111
943
116
254
428
990
780
346
130
35
689
189
966
616
64
656
100
960
220
61
881
335
341
639
364
32
781
147
503
867
726
233
223
35
144
550
795
817
389
359
352
64
526
560
413
520
865
851
989
54
704
432
858
370
655
243
708
954
339
956
352
765
891
657
630
616
482
173
663
475
69
309
594
620
409
504
760
649
206
577
432
451
666
194
667
33
915
129
638
103
895
295
814
215
564
32
685
249
840
26
274
194
463
223
85
474
997
77
220
296
17
43
844
932
588
362
807
15
326
364
971
774
589
911
448
150
952
37
70
298
354
598
379
831
689
690
660
613
678
818
66
937
224
831
271
755
244
148
391
388
293
172
310
64
864
88
729
996
972
853
751
651
538
348
646
870
48
648
682
572
236
659
252
771
425
706
242
937
690
953
62
656
47
803
199
22
317
939
905
773
643
627
255
880
60
509
773
468
537
546
619
645
586
789
10
455
962
359
24
174
239
76
45
269
719
195
541
80
255
340
216
528
474
495
901
602
309
856
203
596
570
284
451
656
434
136
939
944
71
388
644
99
685
561
158
18
634
264
545
395
608
831
276
400
345
111
635
39
798
741
939
706
126
478
910
388
320
225
329
988
533
66
135
108
177
139
198
560
434
316
388
266
9
980
166
409
222
225
848
188
556
24
972
495
550
883
362
527
547
808
666
530
417
570
924
934
567
667
597
82
56
360
485
314
813
340
428
591
163
253
981
325
647
258
427
251
741
736
404
888
898
25
652
455
269
710
536
546
688
36
42
536
81
809
638
760
97
223
195
226
222
243
532
137
2
176
589
813
167
743
146
386
435
124
56
835
71
992
873
440
79
821
622
261
167
549
909
737
456
920
831
771
278
571
339
5
162
677
107
105
597
897
253
262
262
456
554
534
591
268
736
578
578
131
990
949
996
164
887
988
950
94
197
447
962
380
360
312
86
699
877
113
231
676
149
116
264
512
852
536
999
119
635
292
96
373
246
383
560
141
311
793
461
127
260
37
313
508
485
540
877
883
379
664
227
979
503
863
237
22
133
387
198
254
776
158
229
741
489
495
669
132
611
359
313
891
787
295
223
126
680
399
45
464
26
258
44
456
342
352
224
704
209
640
454
755
466
720
67
155
529
435
475
904
956
833
65
109
44
131
41
131
562
21
500
114
333
126
226
866
289
284
283
639
579
208
789
196
980
452
299
839
76
881
816
738
0
162
833
807
357
903
684
857
321
636
405
163
685
413
625
303
506
289
932
928
83
66
531
861
662
739
878
832
522
330
938
355
519
247
270
22
932
468
180
898
800
609
254
257
526
442
409
644
660
286
465
341
953
18
684
967
894
568
241
594
204
491
146
598
259
509
217
967
919
520
658
312
745
563
642
379
674
261
511
826
272
643
863
165
812
694
850
897
256
318
839
995
434
463
614
584
349
310
836
68
573
898
417
374
736
100
534
798
985
257
405
718
69
628
734
699
48
949
993
65
391
7
892
402
313
426
956
80
55
805
597
973
942
54
652
134
335
778
415
42
358
645
148
721
34
587
170
107
658
401
408
834
125
790
63
352
891
831
968
909
227
154
673
329
765
657
986
115
349
595
655
949
552
636
532
918
679
577
197
763
379
951
259
232
389
487
55
536
103
648
728
458
302
173
867
603
571
321
845
715
224
685
816
100
212
60
146
273
57
225
634
689
333
775
397
547
632
75
501
817
978
406
736
799
64
6
762
678
64
996
39
465
975
41
550
548
623
652
370
979
126
812
281
499
627
988
783
190
979
943
73
52
375
198
315
93
321
945
510
554
874
525
142
9
930
310
110
386
145
608
402
846
306
661
787
533
280
545
398
367
592
701
745
790
250
202
659
602
853
584
531
446
740
63
912
680
345
850
149
405
226
243
119
185
759
828
344
815
369
264
107
36
638
873
763
199
183
352
150
499
730
840
241
226
342
376
336
590
942
986
100
4
113
720
539
599
676
843
85
919
75
83
918
127
967
760
889
711
512
621
886
732
718
234
36
793
825
509
750
646
553
162
861
476
873
716
760
121
34
580
662
445
547
328
731
473
193
53
88
345
139
104
136
226
662
915
981
133
532
734
134
436
753
97
120
408
96
637
432
140
264
835
346
699
687
583
178
437
175
984
957
254
453
568
926
200
425
151
949
481
204
535
903
66
228
955
446
806
888
656
32
145
853
873
818
279
724
352
725
889
590
777
829
942
39
336
709
785
866
291
579
49
277
848
519
930
738
332
657
866
982
779
402
38
963
846
707
333
568
680
441
169
548
809
92
977
945
587
917
110
853
633
796
949
912
195
681
9
793
634
748
53
433
295
668
800
372
187
7
533
188
114
38
392
448
413
390
641
45
195
310
775
241
366
386
738
49
181
891
293
945
219
264
801
870
433
873
755
297
114
117
223
100
870
583
271
537
195
126
31
719
984
672
478
570
789
136
874
581
194
9
961
68
652
8
692
947
672
822
738
264
650
400
723
55
550
568
675
212
808
911
690
808
199
985
805
327
18
560
605
324
95
590
717
291
634
150
600
440
234
552
582
648
492
246
919
240
557
754
461
569
291
296
319
26
90
774
637
197
372
895
642
390
968
107
694
96
386
601
49
847
552
417
782
421
993
407
714
439
927
957
808
184
169
202
459
737
477
153
169
54
914
749
653
784
875
500
62
925
437
963
609
299
901
914
813
758
301
295
538
35
469
73
928
121
39
485
779
495
371
520
402
51
387
713
463
819
689
679
999
548
825
731
351
50
380
922
105
495
202
462
616
304
660
451
193
0
640
497
982
256
311
867
950
783
154
853
868
354
115
979
249
949
281
577
630
766
527
905
680
22
129
199
863
653
821
383
568
325
674
986
457
326
194
315
664
253
653
92
739
109
458
916
252
94
333
163
303
652
965
90
566
64
808
687
930
504
779
275
1
328
366
364
862
296
909
269
757
693
302
364
821
174
709
123
739
68
422
851
618
279
801
626
581
288
799
308
572
243
967
971
786
460
425
973
773
413
824
650
275
23
111
273
883
930
724
865
672
467
91
865
620
867
271
279
664
832
407
598
108
493
142
834
691
513
468
930
70
767
54
20
863
666
912
501
997
229
640
510
24
218
331
625
869
589
252
928
372
311
16
101
494
957
715
800
938
250
226
936
831
49
363
550
280
849
995
37
948
855
552
867
95
941
87
267
660
901
787
320
123
839
624
134
131
340
268
450
691
245
536
634
447
345
118
828
679
571
18
285
905
450
534
42
317
79
24
420
643
608
265
973
380
327
439
480
598
461
299
868
915
71
832
299
143
847
420
36
80
335
285
221
563
773
937
923
533
75
683
498
126
943
752
292
291
480
781
636
94
498
42
929
878
499
323
727
551
482
760
501
128
919
657
367
393
310
445
339
271
692
690
44
981
673
352
479
912
358
238
753
855
879
460
488
933
454
269
275
615
292
4
796
409
164
186
915
179
440
65
228
576
49
393
279
931
693
635
290
908
202
140
330
856
491
307
558
847
972
833
430
206
795
279
224
476
230
462
108
214
808
52
54
429
681
70
451
601
395
415
170
355
562
756
312
397
402
222
477
788
908
479
346
789
987
144
126
861
567
97
93
290
475
887
742
747
71
524
927
451
758
888
906
479
606
558
745
922
929
112
205
231
685
625
659
180
600
720
489
103
89
681
12
919
772
588
615
338
836
39
397
516
889
473
389
41
611
248
928
705
160
100
461
977
938
56
403
131
397
1
636
684
434
924
487
256
446
742
958
492
704
456
332
240
172
927
379
338
943
943
735
798
825
417
61
911
728
550
402
308
834
717
970
725
903
682
125
537
656
410
176
429
108
742
781
653
634
617
734
394
411
837
46
849
173
108
982
672
648
612
567
719
500
987
171
573
660
883
225
184
308
480
557
988
669
193
779
624
705
955
803
103
332
670
663
106
426
912
937
163
618
346
923
398
824
318
986
448
19
53
871
95
762
81
361
156
171
490
168
31
68
201
988
592
829
160
784
544
968
657
844
937
504
244
796
970
535
335
218
538
437
286
105
611
588
410
176
491
676
175
412
864
268
612
890
670
535
430
11
392
201
793
420
131
817
829
693
205
996
884
238
356
443
336
51
86
721
806
299
466
522
536
941
859
19
67
283
425
935
684
523
241
87
984
553
770
981
965
889
969
743
486
961
632
135
822
193
679
477
543
263
922
141
790
506
376
326
404
285
830
759
221
757
592
536
965
962
565
733
687
677
861
255
520
514
460
715
435
199
442
776
2
54
32
100
169
353
950
292
712
770
124
162
105
950
520
354
40
369
507
121
389
592
702
309
732
657
944
336
67
655
840
820
522
195
852
466
520
947
148
75
865
482
350
485
711
288
955
986
516
829
743
669
922
381
539
801
184
936
536
267
206
375
681
818
429
609
297
409
395
922
802
226
190
348
670
993
327
812
700
507
171
336
396
523
891
526
803
380
588
332
52
860
856
856
455
841
571
699
606
999
717
315
628
588
87
883
658
732
903
371
26
962
717
460
528
100
214
537
64
539
672
931
665
627
195
17
646
984
133
139
794
481
364
679
440
470
166
496
357
393
6
314
779
860
502
670
907
725
969
723
815
399
962
545
537
915
182
475
988
288
522
876
115
305
323
918
490
767
834
972
216
734
614
498
555
203
515
143
494
644
464
647
938
395
918
515
415
245
570
749
248
974
706
871
778
772
427
601
693
390
205
465
906
799
295
180
653
329
376
180
398
742
940
83
288
655
402
196
982
291
533
795
34
937
363
830
69
206
826
1
613
159
615
120
509
674
158
816
696
902
773
116
10
423
74
877
966
957
349
592
355
479
222
116
666
957
742
243
675
168
723
988
580
624
479
591
127
277
65
796
473
780
889
885
944
856
122
608
950
531
920
784
188
723
139
474
379
639
426
337
191
695
683
734
880
486
466
390
982
452
691
42
136
728
419
549
665
988
224
597
831
606
217
485
749
197
566
319
52
266
510
547
406
856
307
608
60
320
821
523
625
254
608
755
998
438
359
649
192
322
196
33
252
435
554
86
142
349
74
905
846
610
817
659
138
286
660
646
476
736
792
452
467
735
728
466
906
130
310
841
283
549
22
411
182
307
220
110
64
906
334
858
304
455
649
677
769
565
894
747
382
257
881
955
575
147
602
39
431
251
92
403
641
468
466
98
511
435
324
346
461
253
54
584
366
929
955
429
638
366
467
195
836
220
435
343
574
386
256
874
811
935
6
162
7
517
308
45
356
289
917
770
537
846
489
126
458
18
612
35
133
219
561
254
922
419
671
520
900
828
176
369
61
205
659
668
541
289
963
157
275
443
824
921
989
997
369
921
109
802
576
666
110
350
43
506
243
966
237
761
941
717
608
470
446
673
587
580
626
703
837
814
397
675
28
774
285
849
492
790
931
165
424
540
49
823
880
286
2
702
388
651
816
104
601
624
355
483
805
354
493
471
173
681
136
782
229
547
393
693
153
795
623
590
378
29
278
738
980
18
349
681
756
751
443
67
360
824
887
693
108
159
206
543
22
252
776
328
954
979
911
378
569
186
953
774
754
13
790
433
612
398
26
76
83
289
689
881
172
721
350
198
229
785
697
657
636
723
826
927
498
741
398
163
954
446
383
310
880
25
195
111
890
402
616
550
11
23
716
795
663
971
206
618
657
209
93
510
780
745
327
818
12
160
192
964
371
494
159
530
310
177
185
433
360
42
292
416
866
749
152
783
68
653
551
57
406
403
631
717
959
737
819
782
479
209
410
588
745
524
932
733
207
276
422
63
832
835
954
891
172
41
150
67
157
856
654
740
44
391
788
442
88
633
765
0
101
764
606
12
744
193
334
586
654
786
168
427
952
844
828
380
922
539
467
876
48
246
213
321
573
891
933
786
249
492
5
877
729
392
461
251
366
371
331
234
40
377
722
188
971
152
190
859
728
969
776
398
787
118
637
133
534
527
402
899
131
783
919
11
993
180
669
180
821
66
783
318
832
160
588
434
141
782
190
153
139
609
875
531
265
811
316
712
328
139
135
843
365
833
443
855
684
517
102
81
447
398
487
769
431
175
211
849
621
594
620
683
613
467
849
407
184
466
360
189
569
982
265
245
852
299
79
248
255
214
473
54
785
672
634
855
974
445
860
486
247
916
827
352
874
24
289
370
903
671
886
68
821
533
262
725
174
8
939
115
580
920
217
365
530
351
110
693
616
994
915
151
624
62
401
419
570
498
758
118
176
64
734
237
310
902
371
352
661
729
15
988
930
401
462
451
860
789
300
681
706
197
905
663
590
556
352
588
595
25
358
971
112
857
53
790
749
199
780
22
461
608
900
615
119
300
555
764
936
492
245
18
477
678
565
672
201
334
774
156
440
691
101
174
339
881
547
472
265
458
629
659
847
26
48
746
509
629
855
421
368
857
401
731
901
381
983
569
315
814
544
453
838
913
875
787
517
40
538
269
902
797
261
879
706
496
15
33
636
499
322
797
806
166
576
164
50
498
835
56
547
494
31
725
59
164
370
526
303
884
571
171
664
524
913
45
260
732
262
384
274
449
538
521
537
638
850
640
926
924
827
848
533
205
74
927
153
108
798
394
94
641
828
163
894
520
892
849
31
567
63
566
486
451
944
312
743
648
668
34
234
73
407
992
132
440
142
843
306
489
773
87
117
664
169
982
642
793
182
102
546
180
355
759
171
217
143
309
332
959
486
136
895
834
321
388
755
269
117
400
813
871
15
809
752
551
800
528
473
99
368
803
306
769
847
571
821
126
975
723
687
380
34
699
361
700
908
522
373
268
142
924
92
935
573
397
182
736
965
779
249
907
301
638
800
597
721
554
841
637
640
860
151
710
45
949
858
469
541
98
405
346
435
928
576
475
797
902
199
653
874
38
95
884
833
925
203
866
512
29
143
928
69
210
618
811
664
988
579
276
468
647
810
984
908
202
202
668
298
753
924
130
70
533
918
673
692
325
297
290
404
508
251
430
25
510
274
564
589
190
785
394
20
985
594
467
948
844
175
326
252
710
639
237
30
750
349
596
940
573
916
698
950
608
231
312
46
94
957
95
308
906
50
335
316
978
232
625
921
318
134
674
200
31
503
73
94
84
833
659
603
538
734
664
422
846
294
70
701
910
209
766
424
228
753
462
366
99
102
331
894
744
799
670
831
329
499
715
999
255
416
145
483
771
838
948
732
181
352
840
225
35
315
505
819
659
397
538
536
593
607
428
433
483
972
410
677
297
827
184
493
135
150
989
464
229
584
242
461
803
880
277
533
637
952
692
151
427
765
661
434
585
48
285
709
504
939
150
938
931
546
660
205
517
395
455
101
644
390
100
85
609
951
947
83
66
373
481
83
911
694
1
276
40
402
707
473
650
353
380
872
837
455
51
968
962
49
878
215
104
175
895
285
521
727
488
480
616
661
80
256
443
922
58
475
746
198
645
721
739
158
436
677
422
864
93
630
705
879
914
564
894
94
116
857
548
874
420
373
34
957
709
835
930
951
468
268
363
533
948
417
213
684
243
799
261
874
450
815
887
93
128
55
96
215
285
285
47
994
869
7
29
688
752
28
364
666
431
778
967
450
122
498
510
209
70
246
773
670
449
15
13
471
18
403
981
524
874
346
301
64
547
272
101
964
236
200
171
97
35
928
33
675
249
687
696
639
995
977
509
62
686
761
374
95
909
686
449
783
848
470
579
270
789
109
632
819
684
527
196
824
908
455
40
448
296
845
231
552
495
237
721
503
800
389
646
149
69
983
314
555
98
399
833
983
634
947
609
110
712
661
459
314
839
965
902
25
350
545
51
984
208
464
453
435
397
566
398
560
807
83
988
748
715
260
946
330
646
644
587
185
19
934
384
285
54
716
393
940
770
969
238
391
86
876
490
34
239
581
312
439
774
964
643
854
162
631
347
121
335
125
449
836
761
518
554
963
298
444
721
605
188
142
593
127
934
681
439
965
672
565
879
961
94
126
689
925
952
755
868
294
400
576
800
715
881
95
259
553
906
376
508
52
194
538
520
369
197
478
234
401
327
23
604
693
725
978
558
738
9
588
626
240
440
869
510
709
507
239
849
804
606
634
111
140
431
772
152
152
271
980
769
195
759
536
558
219
990
36
714
843
925
629
655
99
287
980
958
364
733
33
561
82
133
650
667
136
950
259
125
351
92
655
242
885
494
485
268
889
384
760
437
48
101
685
996
474
664
358
30
526
346
847
960
626
571
631
844
157
617
911
804
678
650
707
308
35
195
673
31
830
657
147
610
547
998
450
175
569
226
725
446
194
145
403
232
123
388
174
670
984
645
89
469
462
721
835
704
361
493
996
247
958
369
966
387
833
456
676
184
837
604
38
103
722
677
381
479
738
474
994
561
942
426
159
198
518
153
641
889
655
649
75
383
37
155
434
533
272
960
671
194
575
981
295
698
413
507
56
488
460
366
111
44
76
349
786
668
340
570
914
384
506
319
557
696
456
444
872
765
444
298
493
159
277
578
108
134
433
292
237
512
721
867
852
438
769
862
173
538
404
416
880
642
655
109
936
744
243
565
780
967
302
56
545
66
558
277
841
635
603
588
792
108
440
243
864
135
398
868
252
968
100
225
328
435
969
604
568
221
326
450
97
846
427
166
217
110
16
659
850
848
823
56
969
898
859
603
477
425
423
454
165
599
546
819
774
48
997
19
561
433
487
567
49
759
707
13
462
295
362
689
522
486
744
499
48
436
63
984
552
974
354
683
525
83
907
647
108
290
71
975
736
559
805
347
494
629
741
315
554
269
642
580
732
234
462
776
257
271
128
11
765
658
405
491
761
649
737
337
286
358
199
138
25
602
736
142
987
525
253
708
962
475
164
811
655
141
107
702
388
833
837
949
288
529
469
526
182
578
111
183
554
184
611
387
725
812
729
829
616
776
567
956
54
195
0
594
449
906
330
50
613
217
735
401
596
115
932
610
335
400
599
855
279
937
897
737
550
694
572
549
382
604
923
792
485
681
579
421
891
963
829
949
863
291
670
365
718
729
276
72
538
923
601
353
115
113
346
825
757
369
637
880
137
775
375
177
830
961
606
320
107
371
302
677
467
382
691
630
942
411
224
168
131
756
754
130
147
980
361
34
871
458
841
257
307
739
580
793
142
797
317
225
181
228
360
767
903
896
926
786
938
436
153
158
575
937
637
207
156
338
218
580
930
326
598
288
627
442
800
285
378
995
132
48
572
203
225
13
474
77
735
105
247
709
621
295
406
898
766
995
481
153
275
529
532
849
566
894
786
772
793
489
519
759
713
298
895
720
611
759
225
525
372
363
540
405
197
37
144
691
312
209
951
869
161
360
804
240
642
612
489
441
522
79
199
114
230
438
62
6
550
439
334
341
793
911
545
167
183
752
53
24
833
867
701
82
836
238
873
432
102
29
546
937
605
276
751
722
172
532
460
811
217
290
289
670
242
930
305
927
956
179
639
867
210
163
359
238
263
82
393
662
441
324
947
282
818
436
422
604
743
399
336
457
537
259
604
860
277
761
438
240
485
515
588
734
953
137
108
96
570
606
723
343
229
404
382
423
662
655
399
563
517
395
755
443
180
709
513
620
196
594
776
132
722
393
985
842
958
311
159
805
698
892
158
809
17
652
996
313
106
912
962
530
357
179
748
286
449
66
155
445
587
546
764
903
817
51
338
655
488
111
924
713
294
931
134
541
147
664
234
338
914
960
270
44
345
347
207
572
394
499
24
505
352
285
467
600
878
126
499
137
620
263
992
45
120
941
285
163
681
970
709
453
900
504
706
950
911
818
925
943
928
26
744
278
175
53
318
193
557
813
56
374
439
558
908
63
582
113
884
556
123
652
348
777
401
534
816
696
473
170
413
531
249
84
302
593
563
370
218
535
846
800
465
432
275
819
314
47
97
921
922
87
215
110
962
856
300
356
710
653
197
306
160
167
470
320
879
107
284
212
437
609
599
303
884
337
933
786
521
826
279
597
737
522
535
217
525
452
125
830
794
259
550
144
984
7
82
658
417
724
70
284
766
364
717
745
767
968
825
339
260
470
585
317
755
91
320
622
186
565
245
354
463
656
833
314
277
309
409
244
777
682
97
851
123
646
967
669
652
817
433
839
328
70
575
660
555
668
273
668
979
910
309
917
99
720
414
6
124
470
604
311
713
321
226
161
604
101
110
489
866
150
674
910
848
889
928
556
733
587
665
840
529
573
126
191
403
684
649
697
959
41
841
272
17
455
195
249
